Seg 0: risky=lower upper=5 lower=5
  trap=(5, 4) weak=[(5, 3), (5, 5)]
  upper: [(1, 3), (1, 4), (1, 5), (1, 6), (1, 7)]
  lower: [(5, 3), (5, 4), (5, 5), (5, 6), (5, 7)]
Seg 1: risky=lower upper=5 lower=5
  trap=(5, 13) weak=[(5, 12), (5, 14)]
  upper: [(1, 10), (1, 11), (1, 12), (1, 13), (1, 14)]
  lower: [(5, 10), (5, 11), (5, 12), (5, 13), (5, 14)]
Seg 2: risky=lower upper=5 lower=5
  trap=(5, 20) weak=[(5, 19), (5, 21)]
  upper: [(1, 17), (1, 18), (1, 19), (1, 20), (1, 21)]
  lower: [(5, 17), (5, 18), (5, 19), (5, 20), (5, 21)]
