
==================================================================================================================================
TABLE 1 (N_teach=1): EVAL_SR by condition x n_sup
==================================================================================================================================
n_sup           C0_baseline      C1_current_tutor      C2_no_incr_study         C3_hl_no_incr         C4_neg_memory    C5_persistent_attn          D1_cheat_sem         D2_cheat_full
----------------------------------------------------------------------------------------------------------------------------------
    2        0.422+/-0.038        0.433+/-0.040        0.411+/-0.038        0.406+/-0.038        0.400+/-0.038        0.436+/-0.019        0.411+/-0.040        0.417+/-0.040
    4        0.489+/-0.038        0.500+/-0.038        0.444+/-0.039        0.444+/-0.039        0.444+/-0.039        0.500+/-0.019        0.522+/-0.035        0.522+/-0.035
    6        0.656+/-0.037        0.644+/-0.037        0.611+/-0.037        0.617+/-0.036        0.606+/-0.037        0.636+/-0.019        0.622+/-0.040        0.622+/-0.040
    8        0.594+/-0.042        0.606+/-0.040        0.517+/-0.041        0.522+/-0.040        0.511+/-0.041        0.597+/-0.020        0.594+/-0.040        0.594+/-0.040

==================================================================================================================================
TABLE 1 (N_teach=2): EVAL_SR by condition x n_sup
==================================================================================================================================
n_sup           C0_baseline      C1_current_tutor      C2_no_incr_study         C3_hl_no_incr         C4_neg_memory    C5_persistent_attn          D1_cheat_sem         D2_cheat_full
----------------------------------------------------------------------------------------------------------------------------------
    2        0.528+/-0.034        0.489+/-0.035        0.483+/-0.036        0.489+/-0.036        0.478+/-0.035        0.487+/-0.017        0.483+/-0.037        0.489+/-0.036
    4        0.506+/-0.037        0.500+/-0.036        0.533+/-0.034        0.533+/-0.034        0.528+/-0.033        0.506+/-0.018        0.544+/-0.036        0.544+/-0.036
    6        0.656+/-0.031        0.644+/-0.031        0.633+/-0.033        0.633+/-0.033        0.622+/-0.032        0.640+/-0.016        0.622+/-0.034        0.622+/-0.034
    8        0.628+/-0.038        0.583+/-0.036        0.611+/-0.035        0.611+/-0.035        0.611+/-0.035        0.607+/-0.018        0.606+/-0.038        0.606+/-0.038

==================================================================================================================================
TABLE 2 (N_teach=1): dEVAL_SR vs C0_baseline
==================================================================================================================================
n_sup      C1_current_tutor      C2_no_incr_study         C3_hl_no_incr         C4_neg_memory    C5_persistent_attn          D1_cheat_sem         D2_cheat_full
----------------------------------------------------------------------------------------------------------------------------------
    2                +0.011                -0.011                -0.017                -0.022                +0.014                -0.011                -0.006
    4                +0.011                -0.044                -0.044                -0.044                +0.011                +0.033                +0.033
    6                -0.011                -0.044                -0.039                -0.050                -0.019                -0.033                -0.033
    8                +0.011                -0.078                -0.072                -0.083                +0.003                -0.000                -0.000

==================================================================================================================================
TABLE 2 (N_teach=2): dEVAL_SR vs C0_baseline
==================================================================================================================================
n_sup      C1_current_tutor      C2_no_incr_study         C3_hl_no_incr         C4_neg_memory    C5_persistent_attn          D1_cheat_sem         D2_cheat_full
----------------------------------------------------------------------------------------------------------------------------------
    2                -0.039                -0.044                -0.039                -0.050                -0.040                -0.044                -0.039
    4                -0.006                +0.028                +0.028                +0.022                +0.000                +0.039                +0.039
    6                -0.011                -0.022                -0.022                -0.033                -0.015                -0.033                -0.033
    8                -0.044                -0.017                -0.017                -0.017                -0.021                -0.022                -0.022

==================================================================================================================================
TABLE 3: TransferGap = EVAL_SR - OBS_SR
==================================================================================================================================
n_sup  nt                   cond   OBS_SR  EVAL_SR  TransGap  NegMem
----------------------------------------------------------------------------------------------------------------------------------
    2   1            C0_baseline    0.452    0.422    -0.029     0.0
    2   1       C1_current_tutor    0.450    0.433    -0.017     0.0
    2   1       C2_no_incr_study    0.453    0.411    -0.042     0.0
    2   1          C3_hl_no_incr    0.450    0.406    -0.044     0.0
    2   1          C4_neg_memory    0.450    0.400    -0.050     3.2
    2   1     C5_persistent_attn    0.450    0.436    -0.014     0.0
    2   1           D1_cheat_sem    0.450    0.411    -0.039     0.0
    2   1          D2_cheat_full    0.450    0.417    -0.033     0.0

    2   2            C0_baseline    0.463    0.528    +0.064     0.0
    2   2       C1_current_tutor    0.458    0.489    +0.031     0.0
    2   2       C2_no_incr_study    0.460    0.483    +0.023     0.0
    2   2          C3_hl_no_incr    0.458    0.489    +0.031     0.0
    2   2          C4_neg_memory    0.457    0.478    +0.021     6.9
    2   2     C5_persistent_attn    0.461    0.487    +0.027     0.0
    2   2           D1_cheat_sem    0.460    0.483    +0.023     0.0
    2   2          D2_cheat_full    0.465    0.489    +0.024     0.0

    4   1            C0_baseline    0.538    0.489    -0.049     0.0
    4   1       C1_current_tutor    0.538    0.500    -0.038     0.0
    4   1       C2_no_incr_study    0.538    0.444    -0.094     0.0
    4   1          C3_hl_no_incr    0.538    0.444    -0.094     0.0
    4   1          C4_neg_memory    0.538    0.444    -0.094     3.1
    4   1     C5_persistent_attn    0.538    0.500    -0.038     0.0
    4   1           D1_cheat_sem    0.538    0.522    -0.016     0.0
    4   1          D2_cheat_full    0.538    0.522    -0.016     0.0

    4   2            C0_baseline    0.577    0.506    -0.071     0.0
    4   2       C1_current_tutor    0.577    0.500    -0.077     0.0
    4   2       C2_no_incr_study    0.577    0.533    -0.043     0.0
    4   2          C3_hl_no_incr    0.577    0.533    -0.043     0.0
    4   2          C4_neg_memory    0.577    0.528    -0.049     6.2
    4   2     C5_persistent_attn    0.577    0.506    -0.071     0.0
    4   2           D1_cheat_sem    0.577    0.544    -0.032     0.0
    4   2          D2_cheat_full    0.577    0.544    -0.032     0.0

    6   1            C0_baseline    0.668    0.656    -0.013     0.0
    6   1       C1_current_tutor    0.668    0.644    -0.024     0.0
    6   1       C2_no_incr_study    0.668    0.611    -0.057     0.0
    6   1          C3_hl_no_incr    0.668    0.617    -0.052     0.0
    6   1          C4_neg_memory    0.668    0.606    -0.063     2.9
    6   1     C5_persistent_attn    0.668    0.636    -0.032     0.0
    6   1           D1_cheat_sem    0.668    0.622    -0.046     0.0
    6   1          D2_cheat_full    0.668    0.622    -0.046     0.0

    6   2            C0_baseline    0.692    0.656    -0.036     0.0
    6   2       C1_current_tutor    0.692    0.644    -0.047     0.0
    6   2       C2_no_incr_study    0.692    0.633    -0.058     0.0
    6   2          C3_hl_no_incr    0.692    0.633    -0.058     0.0
    6   2          C4_neg_memory    0.692    0.622    -0.069     5.5
    6   2     C5_persistent_attn    0.692    0.640    -0.051     0.0
    6   2           D1_cheat_sem    0.692    0.622    -0.069     0.0
    6   2          D2_cheat_full    0.692    0.622    -0.069     0.0

    8   1            C0_baseline    0.710    0.594    -0.116     0.0
    8   1       C1_current_tutor    0.710    0.606    -0.104     0.0
    8   1       C2_no_incr_study    0.710    0.517    -0.193     0.0
    8   1          C3_hl_no_incr    0.710    0.522    -0.188     0.0
    8   1          C4_neg_memory    0.710    0.511    -0.199     2.6
    8   1     C5_persistent_attn    0.710    0.597    -0.113     0.0
    8   1           D1_cheat_sem    0.710    0.594    -0.116     0.0
    8   1          D2_cheat_full    0.710    0.594    -0.116     0.0

    8   2            C0_baseline    0.722    0.628    -0.094     0.0
    8   2       C1_current_tutor    0.722    0.583    -0.138     0.0
    8   2       C2_no_incr_study    0.722    0.611    -0.111     0.0
    8   2          C3_hl_no_incr    0.722    0.611    -0.111     0.0
    8   2          C4_neg_memory    0.722    0.611    -0.111     5.0
    8   2     C5_persistent_attn    0.722    0.607    -0.115     0.0
    8   2           D1_cheat_sem    0.722    0.606    -0.116     0.0
    8   2          D2_cheat_full    0.722    0.606    -0.116     0.0


==================================================================================================================================
TABLE 4: TUTOR ACTIONS in teaching phase
==================================================================================================================================
                  cond n_sup  nt    BAN     HL   HINT   SKIP   WAIT
      C1_current_tutor     2   1   0.00   3.67   0.00   0.00   0.00
      C1_current_tutor     2   2   0.02   7.75   0.00   0.00   0.00
      C1_current_tutor     4   1   0.03   3.78   0.00   0.00   0.00
      C1_current_tutor     4   2   0.02   7.52   0.00   0.00   0.00
      C1_current_tutor     6   1   0.02   3.58   0.00   0.00   0.00
      C1_current_tutor     6   2   0.03   6.83   0.00   0.00   0.00
      C1_current_tutor     8   1   0.03   3.38   0.00   0.00   0.00
      C1_current_tutor     8   2   0.02   6.33   0.00   0.00   0.00
      C2_no_incr_study     2   1   0.00   3.68   0.00   0.00   0.00
      C2_no_incr_study     2   2   0.02   8.08   0.00   0.00   0.00
      C2_no_incr_study     4   1   0.03   3.70   0.00   0.00   0.00
      C2_no_incr_study     4   2   0.02   7.55   0.00   0.00   0.00
      C2_no_incr_study     6   1   0.02   3.63   0.00   0.00   0.00
      C2_no_incr_study     6   2   0.02   6.92   0.00   0.00   0.00
      C2_no_incr_study     8   1   0.03   3.37   0.00   0.00   0.00
      C2_no_incr_study     8   2   0.02   6.35   0.00   0.00   0.00
         C3_hl_no_incr     2   1   0.00   3.72   0.00   0.00   0.00
         C3_hl_no_incr     2   2   0.00   8.10   0.00   0.00   0.00
         C3_hl_no_incr     4   1   0.00   3.73   0.00   0.00   0.00
         C3_hl_no_incr     4   2   0.00   7.62   0.00   0.00   0.00
         C3_hl_no_incr     6   1   0.00   3.62   0.00   0.00   0.00
         C3_hl_no_incr     6   2   0.00   6.93   0.00   0.00   0.00
         C3_hl_no_incr     8   1   0.00   3.27   0.00   0.00   0.00
         C3_hl_no_incr     8   2   0.00   6.37   0.00   0.00   0.00
         C4_neg_memory     2   1   0.00   3.75   0.00   0.00   0.00
         C4_neg_memory     2   2   0.02   7.93   0.00   0.00   0.00
         C4_neg_memory     4   1   0.03   3.70   0.00   0.00   0.00
         C4_neg_memory     4   2   0.02   7.53   0.00   0.00   0.00
         C4_neg_memory     6   1   0.02   3.63   0.00   0.00   0.00
         C4_neg_memory     6   2   0.02   6.92   0.00   0.00   0.00
         C4_neg_memory     8   1   0.03   3.37   0.00   0.00   0.00
         C4_neg_memory     8   2   0.02   6.35   0.00   0.00   0.00
    C5_persistent_attn     2   1   0.00   3.65   0.00   0.00   0.00
    C5_persistent_attn     2   2   0.02   7.70   0.00   0.00   0.00
    C5_persistent_attn     4   1   0.03   3.78   0.00   0.00   0.00
    C5_persistent_attn     4   2   0.02   7.50   0.00   0.00   0.00
    C5_persistent_attn     6   1   0.02   3.58   0.00   0.00   0.00
    C5_persistent_attn     6   2   0.03   6.84   0.00   0.00   0.00
    C5_persistent_attn     8   1   0.03   3.38   0.00   0.00   0.00
    C5_persistent_attn     8   2   0.02   6.25   0.00   0.00   0.00
          D1_cheat_sem     2   1   4.03   0.05   0.00   0.00   0.00
          D1_cheat_sem     2   2   8.02   0.38   0.00   0.02   0.00
          D1_cheat_sem     4   1   4.05   0.10   0.00   0.00   0.00
          D1_cheat_sem     4   2   8.10   0.57   0.00   0.00   0.00
          D1_cheat_sem     6   1   4.10   0.17   0.00   0.00   0.00
          D1_cheat_sem     6   2   7.95   0.63   0.00   0.00   0.00
          D1_cheat_sem     8   1   4.00   0.32   0.00   0.00   0.00
          D1_cheat_sem     8   2   7.93   0.60   0.00   0.00   0.00
         D2_cheat_full     2   1   4.02   0.05   0.00   0.00   0.00
         D2_cheat_full     2   2   8.08   0.38   0.00   0.00   0.00
         D2_cheat_full     4   1   4.05   0.10   0.00   0.00   0.00
         D2_cheat_full     4   2   8.10   0.57   0.00   0.00   0.00
         D2_cheat_full     6   1   4.10   0.17   0.00   0.00   0.00
         D2_cheat_full     6   2   7.95   0.63   0.00   0.00   0.00
         D2_cheat_full     8   1   4.00   0.32   0.00   0.00   0.00
         D2_cheat_full     8   2   7.93   0.60   0.00   0.00   0.00

==================================================================================================================================
TABLE 5: eta_attn sweep for C5_persistent_attn
==================================================================================================================================
   eta n_sup  nt    EVAL_SR   TransGap
  0.10     2   1      0.433     -0.015
  0.10     2   2      0.478     +0.019
  0.10     4   1      0.500     -0.038
  0.10     4   2      0.506     -0.071
  0.10     6   1      0.656     -0.013
  0.10     6   2      0.633     -0.058
  0.10     8   1      0.606     -0.104
  0.10     8   2      0.600     -0.122
  0.30     2   1      0.433     -0.018
  0.30     2   2      0.483     +0.023
  0.30     4   1      0.500     -0.038
  0.30     4   2      0.506     -0.071
  0.30     6   1      0.633     -0.035
  0.30     6   2      0.639     -0.053
  0.30     8   1      0.600     -0.110
  0.30     8   2      0.611     -0.111
  0.50     2   1      0.439     -0.013
  0.50     2   2      0.500     +0.042
  0.50     4   1      0.500     -0.038
  0.50     4   2      0.494     -0.082
  0.50     6   1      0.622     -0.046
  0.50     6   2      0.644     -0.047
  0.50     8   1      0.600     -0.110
  0.50     8   2      0.600     -0.122
  1.00     2   1      0.439     -0.011
  1.00     2   2      0.489     +0.022
  1.00     4   1      0.500     -0.038
  1.00     4   2      0.517     -0.060
  1.00     6   1      0.633     -0.035
  1.00     6   2      0.644     -0.047
  1.00     8   1      0.583     -0.127
  1.00     8   2      0.617     -0.105
